F	L	S	Y	*	C	W	P	H	Q	R	I	M	T	N	K	V	A	D	E	G	X	O
0	91	0	0	0	0	0	0	0	0	0	0	4	0	0	0	440130	2	0	0	0	20	51
1	0	10	0	0	0	0	0	2	0	0	0	0	2	440198	2	0	0	26	0	0	6	51
0	0	440239	0	0	4	0	0	0	0	3	15	0	0	15	0	0	0	0	0	15	5	2
440275	4	0	0	0	9	0	0	0	0	0	0	0	0	0	0	0	0	0	0	2	3	5
0	0	439986	0	0	1	0	0	0	0	14	75	0	0	156	0	0	0	0	0	41	14	11
0	0	10	2	0	2	0	0	0	0	0	0	0	0	0	0	9	0	4	0	440255	12	4
0	0	0	440280	0	2	0	0	0	0	0	0	0	0	0	0	0	0	0	0	0	12	4
0	440285	0	0	0	0	0	0	0	0	0	0	0	0	0	0	0	0	0	0	0	13	0
0	0	0	0	0	0	0	0	0	1	6	0	0	0	11	440277	0	0	0	0	0	3	0
69	440225	0	0	0	0	0	0	0	0	0	0	0	0	0	0	0	0	0	0	0	4	0
0	0	0	0	0	0	0	0	0	0	0	239	0	440041	5	0	0	0	0	0	0	13	0
0	0	0	7	0	0	0	0	0	0	0	0	0	0	52	0	0	83	439697	420	29	10	0
0	0	9	9	0	0	0	0	1	0	0	0	0	6	440265	0	0	0	3	0	0	5	0
0	1	0	0	0	0	0	0	0	0	0	5	0	0	0	0	440282	5	0	0	0	5	0
0	0	2	440254	1	21	0	0	13	4	0	0	0	0	0	0	0	0	0	0	0	3	0
0	0	0	0	0	0	0	0	0	0	0	440278	0	0	0	0	14	0	0	0	0	6	0
0	0	0	0	0	0	0	0	0	0	48	0	0	1	0	440238	0	0	0	0	0	11	0
0	0	20	7	0	0	0	0	1	0	0	0	0	7	440254	1	0	0	3	0	0	4	1
0	1	14	0	0	0	0	0	0	0	0	0	0	19	0	0	312	439905	35	0	0	11	1
0	0	0	17	0	0	0	0	0	0	0	0	0	0	16	0	0	11	440251	0	2	1	0
1	3	0	0	0	0	0	0	0	0	0	440191	0	1	0	0	95	0	0	0	0	7	0
0	1	0	0	0	0	0	0	0	0	0	0	6	0	0	0	440245	32	0	0	2	12	0
0	0	0	0	1	0	0	0	0	2	0	1	0	0	0	29	0	5	4	439423	824	9	0
0	0	0	0	0	0	0	0	0	1	0	0	0	0	0	0	0	0	2	440291	0	4	0
0	0	8	0	0	0	0	0	0	0	0	0	0	9	0	0	1527	438723	0	0	0	31	0
0	0	0	0	0	0	0	0	0	0	4	0	0	1	1	440273	0	0	0	4	0	15	0
0	0	0	0	0	0	0	0	0	0	9	0	0	2	119	440146	0	0	0	17	0	5	0
0	5	0	0	0	0	0	0	0	0	0	6	0	0	0	0	440285	1	0	0	0	1	0
0	0	0	0	0	0	0	0	0	0	15	0	0	0	3	440275	0	0	0	0	0	5	0
0	267	168	0	0	0	0	439846	0	0	0	0	0	1	0	0	0	0	0	0	0	16	0
0	0	0	0	0	0	0	5	0	0	0	189	0	440045	0	2	0	42	0	0	0	15	0
0	248	0	0	0	0	0	0	0	0	0	0	17	0	0	0	440018	1	0	0	1	13	0
12	0	0	0	0	0	0	0	0	0	0	7	0	0	0	0	440274	3	0	0	0	2	0
0	0	0	0	0	0	0	0	0	0	0	6	0	0	0	0	440288	3	0	0	0	1	0
0	0	4	0	0	0	0	0	0	0	0	0	0	0	440288	0	0	0	0	0	0	6	0
0	0	2	0	0	0	0	0	0	0	0	0	0	10	0	0	51	440226	0	0	0	9	0
0	0	5	0	0	0	0	0	0	0	0	0	0	30	0	0	30	440222	0	0	0	11	0
0	0	156	0	0	0	0	0	0	0	0	0	0	1	440137	0	0	0	2	0	0	2	0
1	0	0	0	0	0	0	0	0	0	0	35	0	0	0	0	440251	2	0	0	0	9	0
0	0	0	440235	0	56	0	0	4	0	0	0	0	0	1	0	0	0	0	0	0	2	0
1	440287	0	0	0	0	0	1	0	0	0	1	0	0	0	0	0	0	0	0	0	8	0
0	0	0	0	0	0	0	0	0	0	204	0	0	0	3	440086	0	0	0	3	0	2	0
0	0	0	54	0	1	0	0	440187	42	0	0	0	0	1	0	0	0	0	0	0	13	0
0	0	0	0	0	0	0	0	0	0	44	0	0	0	0	0	13	1	0	27	440201	12	0
0	0	0	0	0	0	0	0	0	0	46	0	0	0	0	0	8	0	0	36	440193	15	0
0	0	38	0	0	7	0	0	0	0	0	0	0	0	0	0	1	0	2	0	440240	10	0
8	0	0	0	0	0	0	0	0	0	0	52	0	0	0	0	440043	174	0	0	0	21	0
0	0	0	0	0	0	0	0	0	0	0	0	0	7	0	0	1	440284	0	0	0	6	0
0	0	0	0	0	0	0	0	0	0	187	0	0	0	0	0	282	0	0	59	439764	6	0
0	0	12	0	0	0	0	0	0	0	0	0	0	46	0	0	866	439344	16	0	0	14	0
1	440283	0	0	0	0	0	0	0	0	0	7	0	0	0	0	0	0	0	0	0	7	0
0	0	11	0	0	0	0	0	1	0	0	0	0	3	440276	0	0	0	7	0	0	0	0
0	0	0	0	0	0	0	0	0	0	24	0	1	5	61	440200	0	0	0	2	0	5	0
0	0	2	0	0	0	0	0	0	0	0	0	0	65	0	0	22	440206	0	0	0	3	0
0	0	0	0	0	0	0	0	0	0	0	0	0	440286	0	0	0	2	0	0	0	10	0
0	0	9	3	0	0	0	0	0	0	0	0	0	0	440255	0	0	0	19	0	0	12	0
0	0	37	1	0	0	0	0	0	0	0	0	0	26	440189	30	0	0	10	0	0	5	0
0	0	1	0	0	0	0	0	0	0	0	0	0	51	0	0	133	440107	0	0	0	6	0
0	5	0	0	0	0	0	0	0	0	0	45	440234	1	0	0	8	0	0	0	0	5	0
0	0	0	0	0	0	0	0	0	440280	4	0	0	0	0	8	0	0	0	0	0	6	0
27	0	0	0	0	0	0	0	0	0	0	3	0	0	0	0	440263	2	1	0	0	2	0
0	0	0	0	0	0	0	0	0	0	0	0	0	0	0	1	1	3	1	440274	9	9	0
0	0	440290	0	0	0	0	0	0	0	0	0	0	0	0	0	0	2	0	0	0	6	0
0	0	0	2	0	0	0	0	0	0	0	0	0	0	308	0	12	9	439922	1	18	26	0
0	0	0	3	0	0	0	0	1	0	0	0	0	0	7	0	2	0	440225	6	34	20	0
0	0	0	440280	1	4	0	0	5	0	0	0	0	0	0	0	0	0	0	0	0	8	0
0	1	0	0	0	0	0	0	0	0	0	440152	28	6	0	0	99	0	0	0	0	12	0
0	0	12	0	0	0	0	0	0	0	0	0	0	41	0	0	47	440187	0	0	0	11	0
0	0	0	0	0	0	0	0	0	0	0	102	0	440151	3	0	0	32	0	0	0	10	0
0	0	9	0	0	0	0	0	0	0	57	0	0	0	440169	22	0	0	2	0	0	39	0
0	0	0	0	0	0	0	0	0	0	15	0	0	0	0	0	3	0	0	59	440111	53	57
0	32	40	0	0	0	0	440143	0	4	0	0	0	2	0	0	0	0	0	0	0	77	0
1	440265	0	0	0	0	0	0	0	0	0	22	0	0	0	0	4	0	0	0	0	6	0
0	1	0	0	0	0	0	0	0	0	4	0	0	0	12	440262	0	0	0	4	0	15	0
0	16	0	0	0	0	0	0	0	0	0	0	18	0	0	0	440239	14	0	0	0	11	0
0	0	67	0	0	27	0	0	0	0	0	0	0	0	0	0	220	0	0	0	439880	104	0
0	0	6	0	0	4	0	0	0	0	0	0	0	0	0	0	7	0	22	0	440254	5	0
0	0	439932	0	0	6	0	0	0	0	3	0	0	0	2	0	0	0	0	0	337	18	0
0	0	0	2	0	440287	1	0	0	0	1	0	0	0	0	0	0	0	0	0	0	7	0
4	0	0	0	0	0	0	0	0	0	0	20	0	0	0	0	440244	3	0	0	4	23	0
0	440291	0	0	0	0	0	0	0	0	0	2	0	0	0	0	0	0	0	0	0	5	0
0	0	440196	0	0	2	0	0	0	0	3	3	0	0	53	0	0	0	0	0	22	19	0
0	0	0	0	0	0	0	0	0	0	1	0	0	0	0	0	0	0	0	1	440281	15	0
0	0	0	645	0	0	0	0	439619	2	1	0	0	0	1	0	0	0	0	0	0	30	0
0	0	43	0	0	0	0	0	0	0	0	0	0	10	440207	30	0	0	1	0	0	7	0
90	440195	0	0	0	0	0	0	0	0	0	1	0	0	0	0	0	0	0	0	0	12	0
0	0	1	0	0	0	0	0	0	0	0	0	0	10	0	0	9	440264	0	0	0	14	0
0	0	0	0	0	0	0	0	0	0	1	1	0	0	1	440274	0	0	0	11	0	10	0
0	0	0	2120	0	0	0	0	438098	0	19	0	0	0	1	0	0	0	0	0	0	60	0
85	0	11	0	0	440188	0	0	0	0	1	0	0	0	0	0	0	0	0	0	0	13	0
39	440237	0	0	0	0	0	1	6	0	2	4	0	0	0	0	2	1	0	0	0	6	0
0	0	0	7	0	0	0	0	440281	1	0	0	0	0	0	0	0	0	0	0	0	9	0
0	0	0	0	0	0	0	0	0	0	0	17	0	0	0	0	440263	8	0	0	0	10	0
1	0	0	0	0	0	0	0	0	0	0	41	0	0	0	0	440231	8	0	0	0	17	0
0	0	99	0	0	25	0	0	0	0	0	0	0	0	0	0	3	0	3	0	440149	19	0
0	4	24	0	0	0	0	440238	0	7	0	0	0	0	0	1	0	0	0	0	0	24	0
0	0	9	0	0	0	0	0	3	0	0	1	0	17	440191	3	0	0	68	0	0	6	0
5	0	0	0	0	0	0	0	0	0	0	16	0	0	0	1	440260	2	1	0	0	13	0
0	0	9	1	0	0	0	0	0	0	0	1	0	1	440254	6	0	0	15	0	0	9	2
0	0	0	0	0	0	0	0	0	0	17	0	0	33	4	440217	0	0	0	6	0	19	2
0	0	96	0	0	1425	0	0	0	0	9	0	0	0	0	0	7	0	7	0	438697	57	0
0	0	0	0	0	0	0	0	0	0	0	0	0	0	0	7	0	4	4	440264	2	17	0
0	0	0	2	0	0	0	0	0	0	0	0	0	0	13	0	0	1	440265	2	4	11	0
1	0	2	0	0	0	0	0	1	0	0	440208	4	31	0	0	45	0	0	0	0	6	0
0	0	0	0	0	0	0	0	0	440277	12	0	0	0	0	1	0	0	0	1	0	7	0
372	439879	0	0	0	0	0	5	6	0	3	11	0	0	0	0	0	0	0	0	0	22	0
120	440147	0	0	0	0	0	0	0	0	0	14	0	0	0	0	0	0	0	0	0	17	0
0	0	0	0	0	0	0	0	0	0	7	0	4	2	17	440262	0	0	0	0	0	6	0
0	0	440265	0	0	1	0	0	0	0	0	10	0	0	14	0	0	0	0	0	2	6	0
0	0	0	0	0	0	0	0	0	0	0	0	0	2	0	0	11	440277	0	0	0	8	0
0	0	0	440294	0	0	0	0	0	0	0	0	0	0	0	0	0	0	0	0	0	4	0
0	0	0	0	0	0	0	0	0	0	0	0	0	0	0	43	6	3	1	440224	4	17	0
0	0	9	0	0	0	0	0	6	0	0	2	0	56	440210	0	0	0	1	0	0	14	0
440285	1	0	0	0	0	0	0	0	0	0	0	0	0	0	0	0	0	0	0	0	12	0
0	0	6	0	0	0	0	0	0	0	0	0	0	0	440285	0	0	0	0	0	0	7	0
0	5	0	0	1	0	0	1	299	439825	140	0	0	0	0	4	0	0	0	4	0	19	0
0	0	0	241	0	0	0	0	439996	13	7	0	0	0	33	0	0	0	0	0	0	8	0
0	0	0	0	0	0	0	0	0	0	0	0	0	0	0	29	0	2	31	440116	103	17	0
507	1	0	0	0	0	0	0	0	0	0	45	0	0	0	0	439728	3	0	0	0	14	0
0	440255	0	0	0	0	0	0	0	0	0	21	0	0	0	0	0	0	0	0	0	22	0
44	440236	0	0	0	0	0	0	0	0	0	8	0	0	0	0	0	0	0	0	0	10	0
0	0	8	0	0	0	0	0	0	0	0	0	0	45	0	0	39	440192	0	0	0	14	0
0	1	55	0	0	0	0	440230	0	0	0	0	0	3	0	0	0	0	0	0	0	9	0
0	440283	1	0	0	0	0	0	0	0	0	0	0	0	0	0	2	0	0	0	0	12	0
0	440286	2	0	0	0	0	0	0	0	0	2	0	0	0	0	6	0	0	0	0	2	0
0	33	440236	0	0	0	0	8	0	0	0	0	0	3	0	0	0	8	0	0	0	8	2
0	0	28	0	0	0	0	0	0	0	0	0	0	22	0	0	196	440025	1	0	1	25	0
0	0	34	0	0	3	0	0	0	0	0	0	0	0	0	0	3	0	4	0	440242	12	0
1	0	0	0	0	0	0	0	0	0	0	440144	0	5	0	0	122	0	0	0	0	26	0
440264	2	1	6	0	12	0	0	0	0	0	0	0	0	0	0	1	0	0	0	0	12	0
0	0	12	0	0	164	0	0	0	0	0	0	0	0	0	0	3	0	30	0	440076	13	0
0	0	0	0	0	0	0	0	0	0	0	0	0	11	0	0	126	440128	24	0	0	9	0
0	0	0	5	0	0	0	0	0	0	0	0	0	0	17	0	0	1	440218	9	37	11	0
2	1521	629	0	0	0	0	438067	0	0	0	0	0	3	0	0	0	0	0	0	0	76	0
0	0	0	0	0	0	0	0	0	0	3	440228	12	34	0	2	4	0	0	0	0	15	0
0	2	0	566	0	0	0	0	439674	11	10	0	0	0	2	0	0	0	0	0	0	33	0
2	0	440276	0	0	0	0	0	0	0	0	0	0	0	0	0	0	4	0	0	0	16	0
0	440287	1	0	0	0	0	0	0	0	0	0	0	0	0	0	0	0	0	0	0	10	0
0	0	6	0	0	0	0	0	0	0	439919	29	0	0	0	292	0	0	0	0	29	23	0
28	0	0	0	0	0	0	0	0	0	0	19	0	0	0	0	440185	2	0	0	1	63	0
1	0	0	0	0	440275	0	0	0	0	0	0	0	0	0	0	0	0	0	0	1	21	0
0	0	0	0	0	0	0	0	0	0	0	0	0	0	0	0	440283	4	0	1	0	10	0
0	0	0	10	0	0	0	0	0	0	0	0	0	0	7	0	0	26	440197	0	43	15	0
0	0	1	0	0	0	0	0	0	0	0	528	0	439695	15	0	0	25	0	0	0	34	0
1	2	0	0	0	0	0	0	0	0	0	8	0	0	0	0	440174	4	0	0	0	109	0
0	0	0	0	0	591	0	0	211	0	439370	0	0	0	0	0	0	0	0	0	0	126	0
0	0	0	0	0	0	0	0	0	0	0	51	0	439885	0	8	0	244	0	0	0	110	0
0	0	5	0	0	0	0	0	2	0	0	0	0	1	440272	0	0	0	0	0	0	18	0
0	9	0	0	0	0	0	0	0	0	0	36	0	0	0	0	440218	25	0	0	0	10	0
0	0	0	440236	0	11	0	0	42	0	0	0	0	0	0	0	0	0	0	0	0	9	0
311	439933	0	0	0	0	0	0	0	0	0	1	0	0	0	0	2	0	0	0	0	51	0
0	0	5	0	0	0	0	0	0	0	0	0	0	22	0	0	75	440147	2	0	0	47	0
22	0	0	0	0	0	0	0	0	0	0	29	0	0	0	0	440131	3	0	0	0	113	0
440270	4	12	0	0	0	0	0	0	0	0	0	0	0	0	0	0	0	0	0	0	12	0
0	0	0	5	0	0	0	0	1	0	0	0	0	0	23	0	0	1	440244	3	15	6	0
0	0	0	0	0	0	0	0	0	0	0	0	0	2	6	440278	0	0	0	2	0	9	1
0	0	199	0	0	1	0	0	1	0	0	0	0	0	440069	12	0	0	3	0	0	8	5
78	440197	0	0	0	0	0	5	0	0	9	2	0	0	0	0	0	0	0	0	0	7	0
1	0	0	440272	0	6	0	0	15	0	0	0	0	0	0	0	0	0	0	0	0	4	0
0	0	0	3	0	0	0	0	0	0	0	0	0	0	5	0	0	0	440229	43	4	14	0
0	0	0	0	0	0	0	0	0	35	9	0	0	1	0	440242	0	0	0	7	0	4	0
16	440263	0	0	0	0	0	0	0	0	0	14	0	0	0	0	0	0	0	0	0	5	0
1	0	0	0	0	0	0	0	0	0	0	21	0	0	0	0	440262	4	0	0	2	8	0
0	4324	435900	0	0	0	0	10	0	0	0	0	0	0	0	0	0	3	0	0	0	61	0
0	0	440250	0	0	0	0	0	0	0	12	5	1	1	11	0	0	0	0	0	9	9	0
440244	7	4	0	0	1	0	0	0	0	0	0	0	0	0	0	10	0	0	0	0	31	1
20	440253	3	0	0	0	0	0	0	0	0	0	3	0	0	0	2	0	0	4	0	12	1
