position	total_mut_freq	syn_freq	nonsyn_freq
207	0.000981545421874748	0.000761152589509272	0.000220392832365475
208	0.000102242034008456	6.8161679503783e-06	9.54258660580776e-05
209	0.000109058196795622	0	0.000109058196795622
210	1.13602231329681e-05	2.27204049684982e-06	9.08818263611825e-06
211	0.000656624685152613	9.08851302838343e-06	0.00064753617212423
212	6.81619892399162e-05	1.36323359007566e-05	5.45296533391596e-05
213	7.04340452229299e-05	6.58899229315108e-05	4.54412229141911e-06
214	6.36179805206271e-05	6.36179805206271e-05	0
215	5.90731871347687e-05	1.81768195564402e-05	4.08963675783285e-05
216	0.000177220227330349	2.04483644716483e-05	0.000156771862858701
217	0.00057483772143527	2.04485038511349e-05	0.000554389217584135
218	0.00144730687832212	0.000104615118704046	0.00134269175961808
219	6.58896080339485e-05	2.27205082123277e-06	6.36175572127157e-05
220	0.000131779974921222	0.000106787359103168	2.49926158180538e-05
221	0.000204485090134788	0.000102243913079041	0.000102241177055747
222	4.99852935859708e-05	1.81766543595569e-05	3.18086392264139e-05
223	0.000120418394117668	1.13602024842491e-05	0.000109058191633419
224	0.000190851794061937	0.00010224205465633	8.86097394056064e-05
225	0.00103606757432282	0.000168131760771225	0.000867935813551592
226	0.00029082220054811	0.000186308167341087	0.000104514033207023
227	0.000240837965220201	1.36323668742573e-05	0.000227205598345943
228	0.00081795311666594	0.000724799032995397	9.31540836705435e-05
229	0.00199940985910811	2.95369291136422e-05	0.00196987292999447
230	1.59043041268084e-05	9.08820328493108e-06	6.81610084187737e-06
231	0.00360141006973427	9.31744065812947e-05	0.00350823566315297
232	2.95369291191315e-05	6.8161679503783e-06	2.27207611687532e-05
233	0.000411242747315118	7.72709711142929e-05	0.000333971776200825
234	0.000136323229952228	0.000109058687206053	2.7264542746175e-05
235	4.31690275502833e-05	6.81622989780199e-06	3.63527976524813e-05
236	0.00109968861093973	0.000109058191633419	0.000990630419306315
237	0.000563477859701238	2.27204049684982e-05	0.00054075745473274
238	0.000733888021012746	0.000127235424159735	0.000606652596853011
239	5.45291629254216e-05	1.13602282951478e-05	4.31689346302738e-05
240	3.18085979289759e-05	1.13602024842491e-05	2.04483954447268e-05
241	4.54410783714692e-05	3.63528957353509e-05	9.08818263611825e-06
242	0.000159044197604934	1.59042834779487e-05	0.000143139914126985
243	0.000406701144227304	0.000259017324623686	0.000147683819603617
244	0.000420328581137753	5.9073321352052e-05	0.000361255259785701
245	0.000304457308585463	0.000218119356729664	8.63379518557988e-05
246	0.000454409849352158	0.000315815064151355	0.000138594785200803
247	2.04485038511349e-05	1.36323359007566e-05	6.8161679503783e-06
248	0.000486217822654359	9.08826523193253e-06	0.000477129557422426
249	0.000558929746895634	0.000334025622264739	0.000224904124630895
250	0.0003249064370778	0.000131781043524098	0.000193125393553702
251	0.000254472830646412	4.99854587756289e-05	0.000204487371870783
252	0.000431725852170166	0.000322666406109757	0.00010905944606041
253	0.000679361207103539	0.00014768632333762	0.000531674883765919
254	0.000170403512184906	0.000152227059154981	1.81764530299256e-05
255	0.0013745936996449	0.000174949105714701	0.00119964459393019
256	0.0024038734833611	0.00026810443349306	0.00213576904986804
257	9.08822651505662e-05	7.27065658155389e-05	1.81756993350273e-05
258	0.00020902844841699	0.000159043557486294	4.99848909306959e-05
259	0.000286278899049089	7.49882404804701e-05	0.000211290658568618
260	0.000245381240907831	4.31690636857292e-05	0.000202212177222102
261	5.45293229541666e-05	4.99852316361075e-05	4.54409131805913e-06
262	0.00028174335675201	0.000211309848402225	7.04335083497853e-05
263	0.000259013256753654	2.27220569823745e-05	0.00023629119977128
264	0.000829302292376959	0.000408971935436964	0.000420330356939995
265	0.000134051623085655	0	0.000134051623085655
266	7.27063077004056e-05	4.54416358988924e-05	2.72646718015132e-05
267	0.000102242194035887	2.72645479083548e-05	7.49776461275325e-05
268	9.08823838817091e-05	5.68015286427388e-05	3.40808552389703e-05
269	7.49805887079245e-05	7.04364560919582e-05	4.54413261596626e-06
270	0.00081797425728694	2.27208695731203e-05	0.00079525338771382
271	0.00014541317810463	2.49936379830589e-05	0.000120419540121571
272	0.00012950770212199	0.000106787359103168	2.27203430188225e-05
273	0.000306729276805885	2.27222635010009e-06	0.000304457050455784
274	0.000279464672111629	5.2257525083612e-05	0.000227207147028017
275	0.000340809300915853	2.95365935673843e-05	0.000311272707348469
276	0.000334015327039105	0.000259045576115089	7.49697509240163e-05
277	0.000238572001018724	6.36177120798675e-05	0.000174954288938857
278	0.000193140407505537	1.59044280199669e-05	0.00017723597948557
279	0.000165861232830152	0.000104516000036353	6.13452327937982e-05
280	0.000381707242987459	0.000331730725535995	4.99765174514638e-05
281	0.000270376695969996	0.000161317440914647	0.000109059255055349
282	0.000720349602653457	6.81612149054945e-06	0.000713533481162908
283	8.86100336503446e-05	0	8.86100336503446e-05
284	0.0008406732583168	4.99856859172146e-05	0.000790687572399586
285	2.27205753213447e-05	1.36323668742573e-05	9.08820844708737e-06
286	9.7700012787625e-05	2.72646098547932e-05	7.04354029328318e-05
287	6.13453721732848e-05	5.68013841000639e-05	4.54398807322092e-06
288	0.000458964229223221	0.000270383876941254	0.000188580352281967
289	2.72650383254239e-05	2.27208695731203e-05	4.54416875230357e-06
290	0.00217217702085537	0.000697529111047998	0.00147464790980737
291	0.000472590308291462	0.000281756067412411	0.000190834240879051
292	0.000249928878718817	4.31689656034226e-05	0.000206759913115395
293	6.36180321420257e-05	1.81766130608053e-05	4.54414190812204e-05
294	0.000204485596035183	0.000172677039406718	3.18085566284649e-05
295	0.00519676468663348	0.000333995264992298	0.00486276942164118
296	0.000263561674070719	4.31690636857292e-05	0.00022039261038499
297	0.000170404188436529	4.31688675215617e-05	0.000127235320914967
298	5.4529291980924e-05	3.63528957353509e-05	1.8176396245573e-05
299	8.17942012455439e-05	2.49926726028051e-05	5.68015286427388e-05
300	0.00145646832809354	0.00134286441386581	0.000113603914227724
301	0.000543033031477119	0.000249930701032895	0.000293102330444224
302	0.000252201641942812	0.000168134052825902	8.40675891169105e-05
303	0.000254470708938717	2.49928429586073e-05	0.000229477865980109
304	0.000104515148253964	5.22572876195669e-05	5.22578606343973e-05
305	0.000758871700718548	0.000686173379199404	7.26983215191446e-05
306	0.000143141426689048	6.81638477128757e-06	0.000136325041917761
307	0.00352658739590415	1.81767782569378e-05	0.00350841061764721
308	6.13468434405377e-05	2.2721334196744e-05	3.86255092437936e-05
309	0.000733883880718262	0.000683901281917287	4.99825988009756e-05
310	0.000240838290443647	4.77135008758835e-05	0.000193124789567764
311	7.49777493718547e-05	4.31689656034226e-05	3.18087837684321e-05
312	0.00103382031904209	0.000131778648223715	0.000902041670818372
313	0.000449874725067117	0.000145410922177892	0.000304463802889225
314	8.1794185759638e-05	1.36329244213392e-05	6.81612613382989e-05
315	0.000147684155150767	8.6338519703359e-05	6.13456354474076e-05
316	7.95228421768293e-05	4.99860266334638e-05	2.95368155433654e-05
317	3.86251272357132e-05	3.86251272357132e-05	0
318	0.000134053125321412	4.54412229141911e-06	0.000129509003029993
319	0.000181766435186839	1.36324907696677e-05	0.000168133944417171
320	2.27205598345943e-06	0	2.27205598345943e-06
321	0.000204487640314967	0.000190855304414211	1.36323359007566e-05
322	0.00121557121486424	0.00018416583109947	0.00103140538376477
323	0.000938372883970996	0.000270390020563275	0.000667982863407721
324	0.00043623914195147	6.13499720516794e-05	0.00037488916989979
325	0.0013200904620022	5.68016576995783e-05	0.00126328880430262
326	0.00259252006053355	0.00254492452188998	4.75955386435674e-05
327	0.00026355962977998	0.000145411913325411	0.000118147716454569
328	0.000218119650991714	9.08818263611825e-06	0.000209031468355596
329	0.000395338334791637	0.000261285844441768	0.000134052490349868
330	3.18088405533241e-05	2.49926932518994e-05	6.81614730142473e-06
331	0.00011360240684466	9.54271979304317e-05	1.81752089142283e-05
332	0.000188581193832965	7.04338955169962e-05	0.000118147298315968
333	0.000654367372903999	9.08826523193253e-05	0.000563484720584674
334	0.000122691807772159	2.27206630798313e-05	9.99711446923274e-05
335	0.000363531884378956	7.27057914707018e-05	0.000290826092908254
336	5.22575870314111e-05	2.27206630798313e-06	4.99855207234279e-05
337	0.0004953137951736	2.04486432325215e-05	0.000474865151941079
338	0.00044305436517958	7.72502544714265e-05	0.000365804110708153
339	0.000563482727920752	0.000406718350950221	0.000156764376970531
340	0.0049194875238821	1.81766130608053e-05	0.00490131091082129
341	0.000124963770834483	0	0.000124963770834483
342	0.00166093206494881	0.000318098678754416	0.00134283338619439
343	7.27072575781677e-05	5.9074797782423e-05	1.36324597957447e-05
344	0.000106786729305369	0.000104514662997386	2.27206630798313e-06
345	0.000822496640108618	1.36330689790283e-05	0.000808863571129589
346	0.000127238526821756	1.36327075920549e-05	0.000113605819229701
347	2.27208179502907e-05	1.81766130608053e-05	4.54420488948539e-06
348	2.95368774907891e-05	1.81765717622414e-05	1.13603057285478e-05
349	0.00151774790298233	0.00132234860017359	0.000195399302808741
350	0.00134059966394371	4.77206569089285e-05	0.00129287900703478
351	0.000165890368861058	0.000131803503700724	3.40868651603333e-05
352	0.00196808665273069	0.000145443967711439	0.00182264268501925
353	0.000693126900072131	4.54522728409034e-06	0.00068858167278804
354	2.72648989449287e-05	9.08824458283821e-06	1.81766543620905e-05
355	0.0013110424860743	0.00115199781870236	0.000159044667371947
356	0.00132017394994377	0.00119975459565089	0.000120419354292883
357	0.000752118915844206	3.86386625227869e-05	0.000713480253321419
358	0.000359026354937811	0.00012271053947189	0.000236315815465921
359	0.000293116209863102	0.000170404585928217	0.000122711623934886
360	3.63529370368237e-05	0	3.63529370368237e-05
361	0.000152228220660695	4.54417391462406e-05	0.000106786481514454
362	1.36323668745857e-05	2.27205598345943e-06	1.13603108911263e-05
363	0.00054983865788131	5.68029483002286e-05	0.000493035709581082
364	0.00135416452866917	0.00114059024409086	0.000213574284578311
365	9.08820431749839e-05	4.08970077022698e-05	4.99850354727141e-05
366	0.00745766450862021	0.00733340756884018	0.000124256939780034
367	0.000120418693525337	2.27205082123277e-06	0.000118146642704104
368	0.000131778957956611	6.36172784528278e-05	6.8161679503783e-05
369	7.04336993525002e-05	6.81615246369831e-06	6.36175468888019e-05
370	0.0098846270516785	3.40814592317585e-05	0.00985054559244674
371	0.000274924148018283	0.000188588359326717	8.63357886915659e-05
372	5.4530835565401e-05	4.54415326520133e-06	4.99866823001997e-05
373	0.000129508719111279	4.77162112419394e-05	8.17925078693401e-05
