A	C	T	G	Y	R	K	S	M	W	N	B	H	D	V
4	0	91	440028	0	2	6	1	0	0	1	0	0	0	0
0	2	440131	0	0	0	0	0	0	0	0	0	0	0	0
10	3	322	439787	0	1	9	0	0	0	1	0	0	0	0
440105	2	0	26	0	0	0	0	0	0	0	0	0	0	0
440118	2	0	10	0	1	0	0	2	0	0	0	0	0	0
2	3	440127	0	1	0	0	0	0	0	0	0	0	0	0
440111	2	4	15	0	1	0	0	0	0	0	0	0	0	0
15	0	11	440106	0	1	0	0	0	0	0	0	0	0	0
0	0	440130	1	0	0	0	0	0	0	2	0	0	0	0
0	4	440128	0	0	0	0	0	0	0	1	0	0	0	0
0	0	440132	0	1	0	0	0	0	0	0	0	0	0	0
0	1	440132	0	0	0	0	0	0	0	0	0	0	0	0
440081	0	1	40	0	2	0	0	0	8	1	0	0	0	0
155	0	75	439901	0	0	2	0	0	0	0	0	0	0	0
14	4	440112	0	2	0	0	0	0	1	0	0	0	0	0
10	0	2	440116	0	1	4	0	0	0	0	0	0	0	0
3	0	9	440115	0	1	5	0	0	0	0	0	0	0	0
0	6	440124	0	3	0	0	0	0	0	0	0	0	0	0
0	0	440128	0	3	0	0	0	0	0	2	0	0	0	0
440127	0	0	2	0	0	0	0	0	2	2	0	0	0	0
0	29	440099	0	0	0	0	0	0	1	4	0	0	0	0
0	12	440118	0	1	0	1	0	0	1	0	0	0	0	0
0	0	440131	0	0	0	0	0	0	2	0	0	0	0	0
440109	0	0	16	0	0	0	0	0	4	4	0	0	0	0
440131	1	0	0	0	1	0	0	0	0	0	0	0	0	0
440126	0	0	6	0	1	0	0	0	0	0	0	0	0	0
440113	11	0	8	0	0	0	0	0	0	1	0	0	0	0
0	440061	69	0	3	0	0	0	0	0	0	0	0	0	0
0	0	440132	0	1	0	0	0	0	0	0	0	0	0	0
0	9	440124	0	0	0	0	0	0	0	0	0	0	0	0
440130	0	0	0	0	1	0	0	0	0	2	0	0	0	0
5	439880	239	0	8	0	0	0	0	0	1	0	0	0	0
1	3	440121	5	2	0	0	0	0	1	0	0	0	0	0
52	0	7	440071	0	1	1	0	0	0	1	0	0	0	0
440018	83	0	29	0	2	0	0	0	0	1	0	0	0	0
414	439661	46	6	2	0	0	0	4	0	0	0	0	0	0
440116	1	9	3	0	1	0	0	0	1	2	0	0	0	0
440116	6	0	9	0	0	0	0	0	0	2	0	0	0	0
0	1	440130	0	0	0	0	0	0	0	2	0	0	0	0
5	0	1	440124	0	0	0	0	0	0	3	0	0	0	0
0	5	440125	0	1	0	0	0	0	0	2	0	0	0	0
440080	2	0	45	0	2	0	0	1	1	2	0	0	0	0
0	17	440114	0	1	0	0	0	0	0	1	0	0	0	0
440108	2	0	21	0	0	0	0	0	1	1	0	0	0	0
5	440079	45	0	3	0	0	0	0	0	1	0	0	0	0
440118	0	0	14	0	0	0	0	0	0	1	0	0	0	0
0	0	440131	0	0	0	0	0	0	0	2	0	0	0	0
7	1	440117	0	2	0	0	0	0	3	3	0	0	0	0
440123	0	0	0	0	1	0	0	0	1	8	0	0	0	0
440084	0	0	48	0	0	0	0	0	1	0	0	0	0	0
440128	0	0	5	0	0	0	0	0	0	0	0	0	0	0
440120	1	7	3	0	1	0	0	0	1	0	0	0	0	0
440104	7	0	20	0	0	0	0	0	2	0	0	0	0	0
1	45	440087	0	0	0	0	0	0	0	0	0	0	0	0
19	0	15	440098	0	0	1	0	0	0	0	0	0	0	0
35	439776	313	0	8	0	0	0	0	0	1	0	0	0	0
440057	0	71	3	0	1	0	0	0	1	0	0	0	0	0
16	0	17	440099	0	0	0	0	0	0	1	0	0	0	0
440120	11	0	2	0	0	0	0	0	0	0	0	0	0	0
0	440049	82	0	2	0	0	0	0	0	0	0	0	0	0
440031	3	1	95	0	3	0	0	0	0	0	0	0	0	0
0	1	440129	0	0	0	0	0	0	0	3	0	0	0	0
3	3	440123	0	1	0	0	0	0	0	3	0	0	0	0
6	0	1	440124	0	0	0	0	0	0	2	0	0	0	0
0	32	440097	2	0	0	0	0	0	0	2	0	0	0	0
19	0	300	439803	0	1	8	1	0	0	1	0	0	0	0
30	2	1	440093	0	2	5	0	0	0	0	0	0	0	0
439300	5	1	824	0	2	0	0	0	1	0	0	0	0	0
440114	3	1	13	0	2	0	0	0	0	0	0	0	0	0
0	1	0	440128	0	1	3	0	0	0	0	0	0	0	0
440133	0	0	0	0	0	0	0	0	0	0	0	0	0	0
440127	2	0	4	0	0	0	0	0	0	0	0	0	0	0
9	0	8	440114	0	0	0	1	0	0	1	0	0	0	0
0	438580	1527	0	22	0	0	2	0	0	2	0	0	0	0
30	11	439994	0	1	0	1	0	0	2	94	0	0	0	0
440114	0	0	4	0	2	0	0	0	0	13	0	0	0	0
440126	1	0	4	0	0	0	0	0	0	2	0	0	0	0
440127	1	0	3	0	2	0	0	0	0	0	0	0	0	0
440115	0	0	17	0	0	0	0	0	0	1	0	0	0	0
440119	2	0	9	0	1	0	0	0	1	1	0	0	0	0
34	0	119	439976	0	2	1	0	0	0	1	0	0	0	0
6	0	5	440121	0	0	1	0	0	0	0	0	0	0	0
0	1	440132	0	0	0	0	0	0	0	0	0	0	0	0
440082	0	5	43	0	1	0	0	0	0	2	0	0	0	0
440131	0	0	0	0	0	0	0	0	0	2	0	0	0	0
440118	0	0	13	0	0	0	0	0	0	2	0	0	0	0
440123	3	0	3	0	0	0	0	0	1	3	0	0	0	0
1	439956	168	0	6	0	0	0	0	0	2	0	0	0	0
0	439856	267	0	8	0	0	0	0	0	2	0	0	0	0
440084	6	18	24	0	0	0	0	0	0	1	0	0	0	0
440082	5	0	42	0	3	0	0	0	0	1	0	0	0	0
2	439931	189	0	10	0	0	0	0	0	1	0	0	0	0
440123	2	0	8	0	0	0	0	0	0	0	0	0	0	0
17	2	246	439855	0	0	12	1	0	0	0	0	0	0	0
0	1	440131	1	0	0	0	0	0	0	0	0	0	0	0
30	0	26	440073	0	3	0	0	0	0	1	0	0	0	0
4	0	12	440115	0	0	1	0	0	0	1	0	0	0	0
0	3	440130	0	0	0	0	0	0	0	0	0	0	0	0
0	5	440127	0	1	0	0	0	0	0	0	0	0	0	0
6	0	0	440126	0	0	1	0	0	0	0	0	0	0	0
0	3	440130	0	0	0	0	0	0	0	0	0	0	0	0
2	3	440128	0	0	0	0	0	0	0	0	0	0	0	0
440130	0	0	0	0	0	0	0	0	2	1	0	0	0	0
440128	0	0	4	0	1	0	0	0	0	0	0	0	0	0
0	16	440114	0	1	0	1	0	0	1	0	0	0	0	0
10	0	2	440116	0	1	1	1	0	0	2	0	0	0	0
0	440078	51	0	2	0	0	0	2	0	0	0	0	0	0
440126	0	2	5	0	0	0	0	0	0	0	0	0	0	0
30	0	5	440094	0	2	1	0	0	0	1	0	0	0	0
0	440100	30	0	1	0	0	0	1	0	1	0	0	0	0
2	440011	112	0	4	0	0	0	4	0	0	0	0	0	0
440130	0	0	2	0	0	0	0	0	0	1	0	0	0	0
439975	1	0	156	0	0	0	0	0	0	1	0	0	0	0
0	26	440105	0	1	0	0	0	0	0	1	0	0	0	0
35	0	1	440095	0	0	1	0	0	0	1	0	0	0	0
0	2	440127	0	0	0	0	0	0	0	4	0	0	0	0
82	11	440030	3	1	0	0	0	0	4	2	0	0	0	0
1	4	440127	0	0	0	0	0	0	0	1	0	0	0	0
440076	0	0	56	0	1	0	0	0	0	0	0	0	0	0
0	439992	139	0	2	0	0	0	0	0	0	0	0	0	0
1	440128	1	0	2	0	0	0	1	0	0	0	0	0	0
0	1	440129	0	1	0	0	0	0	0	2	0	0	0	0
3	3	440124	0	1	0	0	0	0	1	0	0	0	1	0
440128	0	0	3	0	0	0	0	0	1	1	0	0	0	0
439928	0	0	204	0	0	0	0	0	0	1	0	0	0	0
440124	3	0	4	0	1	0	0	0	0	1	0	0	0	0
1	440067	55	0	9	0	0	0	0	0	1	0	0	0	0
440129	0	0	1	0	1	0	0	0	0	2	0	0	0	0
35	147	439939	7	3	0	0	0	0	0	2	0	0	0	0
44	0	0	440086	0	1	1	1	0	0	0	0	0	0	0
27	1	13	440086	0	0	4	1	0	0	1	0	0	0	0
440066	43	10	5	0	2	0	0	2	1	4	0	0	0	0
46	0	0	440078	0	4	1	0	0	0	4	0	0	0	0
36	0	8	440082	0	3	1	0	0	0	3	0	0	0	0
440106	8	3	11	0	1	0	0	0	2	2	0	0	0	0
38	0	7	440082	0	0	2	0	0	0	4	0	0	0	0
2	0	1	440123	0	1	0	0	0	0	6	0	0	0	0
8	134	439941	0	43	0	0	0	0	0	7	0	0	0	0
52	0	8	440069	0	0	1	0	0	0	3	0	0	0	0
0	174	439941	0	14	0	0	0	0	0	4	0	0	0	0
41	18	440057	6	5	0	0	0	0	2	4	0	0	0	0
7	0	0	440123	0	1	0	1	0	0	1	0	0	0	0
0	440128	1	0	3	0	0	0	0	0	1	0	0	0	0
440065	3	15	49	0	0	0	0	0	0	1	0	0	0	0
183	4	0	439944	0	2	0	0	0	0	0	0	0	0	0
59	0	282	439789	0	0	3	0	0	0	0	0	0	0	0
440051	0	0	77	0	3	0	0	0	1	1	0	0	0	0
46	0	12	440072	0	0	2	0	0	0	1	0	0	0	0
16	439240	866	0	8	0	0	0	0	0	3	0	0	0	0
7	440009	111	0	5	0	0	0	1	0	0	0	0	0	0
7	18	440106	0	2	0	0	0	0	0	0	0	0	0	0
0	0	440133	0	0	0	0	0	0	0	0	0	0	0	0
440113	0	1	14	0	1	0	0	1	0	3	0	0	0	0
440125	1	0	7	0	0	0	0	0	0	0	0	0	0	0
440119	3	0	11	0	0	0	0	0	0	0	0	0	0	0
0	70	440061	0	2	0	0	0	0	0	0	0	0	0	0
440128	0	0	2	0	1	0	0	0	0	2	0	0	0	0
440101	5	1	24	0	1	0	0	0	0	1	0	0	0	0
33	0	61	440036	0	1	1	0	0	0	1	0	0	0	0
65	0	2	440065	0	0	1	0	0	0	0	0	0	0	0
0	440109	22	0	2	0	0	0	0	0	0	0	0	0	0
0	19	440111	0	3	0	0	0	0	0	0	0	0	0	0
440130	0	0	2	0	1	0	0	0	0	0	0	0	0	0
0	440125	0	0	7	0	0	1	0	0	0	0	0	0	0
8	14	440108	0	0	0	0	0	0	1	2	0	0	0	0
440110	0	3	19	0	0	0	0	0	0	1	0	0	0	0
440121	0	0	9	0	1	0	0	1	0	1	0	0	0	0
0	440019	93	0	13	0	0	0	0	0	8	0	0	0	0
440118	0	1	10	0	2	0	0	0	0	2	0	0	0	0
440070	26	0	37	0	0	0	0	0	0	0	0	0	0	0
25	10	440091	5	1	0	0	0	0	1	0	0	0	0	0
51	0	1	440078	0	2	1	0	0	0	0	0	0	0	0
0	439997	133	0	2	0	0	0	0	0	1	0	0	0	0
24	439948	156	0	3	0	0	0	0	0	2	0	0	0	0
440119	4	1	8	0	0	0	0	0	0	1	0	0	0	0
0	1	440131	0	0	0	0	0	0	0	1	0	0	0	0
1	0	44	440083	0	1	3	0	0	0	1	0	0	0	0
8	440122	0	0	2	0	0	0	0	0	1	0	0	0	0
440126	0	0	4	0	1	0	0	0	0	2	0	0	0	0
440105	0	0	20	0	7	0	0	0	0	1	0	0	0	0
3	0	27	440101	0	1	1	0	0	0	0	0	0	0	0
1	2	440130	0	0	0	0	0	0	0	0	0	0	0	0
0	12	440120	0	1	0	0	0	0	0	0	0	0	0	0
1	0	0	440127	0	1	1	0	0	0	3	0	0	0	0
440115	3	1	9	0	2	0	0	0	0	3	0	0	0	0
440104	1	0	25	0	2	0	0	0	0	1	0	0	0	0
0	0	440126	2	0	0	0	0	0	0	5	0	0	0	0
0	440128	0	0	0	0	0	0	0	0	5	0	0	0	0
19	12	440082	0	4	0	0	0	0	0	16	0	0	0	0
308	0	2	439800	0	9	0	0	0	0	14	0	0	0	0
440082	9	12	18	0	0	0	0	0	1	11	0	0	0	0
1	10	440114	0	0	0	1	0	0	0	7	0	0	0	0
7	1	3	440116	0	0	0	0	0	0	6	0	0	0	0
440092	0	2	34	0	1	0	0	0	0	4	0	0	0	0
2	11	440101	4	1	0	0	0	0	12	2	0	0	0	0
0	5	440122	0	5	0	1	0	0	0	0	0	0	0	0
440129	0	0	4	0	0	0	0	0	0	0	0	0	0	0
1	440080	47	0	3	0	0	0	2	0	0	0	0	0	0
440028	1	0	99	0	2	0	0	0	1	2	0	0	0	0
0	6	440126	0	0	0	0	0	0	0	1	0	0	0	0
440096	0	1	28	0	4	0	0	0	0	4	0	0	0	0
41	0	12	440074	0	2	3	0	0	0	1	0	0	0	0
0	440080	47	0	3	0	0	0	2	0	1	0	0	0	0
1	22	440105	0	4	0	0	0	0	0	1	0	0	0	0
440095	0	0	32	0	5	0	0	0	1	0	0	0	0	0
3	440024	102	0	4	0	0	0	0	0	0	0	0	0	0
0	13	440119	0	1	0	0	0	0	0	0	0	0	0	0
440125	0	0	2	0	2	0	0	0	0	4	0	0	0	0
440093	0	0	9	0	1	0	0	1	0	29	0	0	0	0
19	114	439963	3	2	0	0	0	0	1	31	0	0	0	0
13	2	0	440075	0	3	6	0	0	0	34	0	0	0	0
59	0	3	440059	0	2	3	4	0	0	3	0	0	0	0
440101	2	0	26	0	0	0	0	0	0	4	0	0	0	0
2	440022	40	0	30	0	0	0	0	0	39	0	0	0	0
4	440087	32	0	5	0	0	1	1	0	3	0	0	0	0
440122	0	0	7	0	2	0	0	0	1	1	0	0	0	0
22	440105	1	4	0	0	0	0	0	0	1	0	0	0	0
0	0	440131	0	0	0	0	0	0	0	2	0	0	0	0
1	45	440078	0	3	0	0	0	0	4	2	0	0	0	0
440120	0	1	4	0	1	0	0	0	1	6	0	0	0	0
440122	0	1	4	0	2	0	0	2	0	2	0	0	0	0
439970	0	12	146	0	1	0	0	2	1	1	0	0	0	0
18	0	16	440094	0	2	1	0	0	0	2	0	0	0	0
0	14	440113	0	4	0	0	0	0	0	2	0	0	0	0
55	1	15	440055	0	1	1	0	0	0	5	0	0	0	0
67	0	27	440029	0	6	2	1	0	0	1	0	0	0	0
0	0	220	439818	0	1	92	2	0	0	0	0	0	0	0
2	1	440130	0	0	0	0	0	0	0	0	0	0	0	0
6	0	4	440120	0	1	2	0	0	0	0	0	0	0	0
22	0	7	440102	0	1	1	0	0	0	0	0	0	0	0
0	0	440128	0	5	0	0	0	0	0	0	0	0	0	0
439780	0	6	337	0	8	0	0	0	0	2	0	0	0	0
2	0	0	440126	0	4	0	1	0	0	0	0	0	0	0
0	22	440104	3	1	0	0	0	0	2	1	0	0	0	0
0	1	440128	0	0	0	1	0	0	2	1	0	0	0	0
2	0	0	440127	0	2	1	0	0	0	1	0	0	0	0
0	6	440123	1	3	0	0	0	0	0	0	0	0	0	0
20	0	4	440094	0	1	1	0	0	0	13	0	0	0	0
0	3	440118	4	2	0	1	0	0	0	5	0	0	0	0
4	8	440119	0	2	0	0	0	0	0	0	0	0	0	0
2	11	440118	0	2	0	0	0	0	0	0	0	0	0	0
0	0	440132	0	1	0	0	0	0	0	0	0	0	0	0
440117	0	0	14	0	1	0	0	1	0	0	0	0	0	0
440102	0	2	22	0	3	0	0	1	3	0	0	0	0	0
53	0	3	440071	0	2	1	2	0	0	1	0	0	0	0
3	439996	119	0	9	0	0	0	4	0	2	0	0	0	0
1	0	0	440122	0	0	1	0	0	0	9	0	0	0	0
1	0	0	440125	0	2	2	0	0	0	3	0	0	0	0
440114	1	0	9	0	2	0	0	0	0	7	0	0	0	0
1	439458	645	0	20	0	0	1	1	0	7	0	0	0	0
440128	0	0	1	0	0	0	0	1	0	3	0	0	0	0
2	439818	307	0	5	0	0	0	0	0	1	0	0	0	0
440128	0	0	1	0	1	0	0	1	0	2	0	0	0	0
440076	10	0	43	0	1	0	0	0	0	3	0	0	0	0
0	124	439973	30	3	0	0	0	0	0	3	0	0	0	0
1	440033	90	0	7	0	0	0	0	0	2	0	0	0	0
0	0	440130	0	0	0	0	0	0	0	3	0	0	0	0
8	11	440112	0	0	0	0	0	0	1	1	0	0	0	0
10	0	1	440117	0	1	2	1	0	0	1	0	0	0	0
0	440117	9	0	1	0	0	0	2	0	4	0	0	0	0
1	7	440118	0	1	0	0	0	0	3	3	0	0	0	0
440116	0	0	11	0	1	0	0	0	0	5	0	0	0	0
440129	0	1	1	0	0	0	0	0	0	2	0	0	0	0
440052	0	1	76	0	0	0	0	1	1	2	0	0	0	0
1	437957	2120	0	50	0	0	0	1	0	4	0	0	0	0
440109	0	0	19	0	1	0	0	1	2	1	0	0	0	0
0	439979	147	0	6	0	0	0	0	0	1	0	0	0	0
8	1	440121	0	2	0	0	0	0	1	0	0	0	0	0
0	3	85	440035	0	0	10	0	0	0	0	0	0	0	0
0	19	440111	0	3	0	0	0	0	0	0	0	0	0	0
4	440083	39	3	3	0	0	0	1	0	0	0	0	0	0
6	2	440121	2	1	0	1	0	0	0	0	0	0	0	0
0	19	440113	0	0	0	0	0	0	0	1	0	0	0	0
0	440122	7	0	3	0	0	0	0	0	1	0	0	0	0
440130	0	0	0	0	3	0	0	0	0	0	0	0	0	0
1	16	440114	0	0	0	0	0	0	0	2	0	0	0	0
17	0	0	440112	0	2	0	0	0	0	2	0	0	0	0
0	8	440121	0	3	0	0	0	0	1	0	0	0	0	0
6	3	440118	2	2	0	0	0	0	2	0	0	0	0	0
41	0	1	440084	0	1	1	4	0	0	1	0	0	0	0
0	8	440116	0	5	0	0	0	0	0	4	0	0	0	0
226	439513	364	1	21	0	0	0	2	0	6	0	0	0	0
99	0	24	439996	0	2	4	0	0	0	8	0	0	0	0
3	0	3	440120	0	2	1	0	0	0	4	0	0	0	0
0	440012	110	0	4	0	0	0	2	0	5	0	0	0	0
1	440099	24	0	1	0	0	1	3	0	4	0	0	0	0
8	440106	4	0	7	0	0	0	4	0	4	0	0	0	0
440051	3	18	53	0	1	0	0	2	1	4	0	0	0	0
440058	3	0	68	0	1	0	0	1	0	2	0	0	0	0
440103	17	1	9	0	1	0	0	0	1	1	0	0	0	0
0	11	440115	3	3	0	0	0	0	0	1	0	0	0	0
16	0	5	440104	0	0	5	2	0	0	1	0	0	0	0
0	2	440125	0	2	0	1	0	0	0	3	0	0	0	0
0	23	440107	0	1	0	0	0	0	0	2	0	0	0	0
440111	0	1	15	0	2	0	0	1	1	2	0	0	0	0
440119	1	1	9	0	1	0	0	0	0	2	0	0	0	0
5	439820	302	0	3	0	0	0	0	0	3	0	0	0	0
440116	0	0	6	0	1	0	0	1	2	7	0	0	0	0
440075	33	0	17	0	1	0	0	1	1	5	0	0	0	0
440113	4	0	3	0	4	0	0	1	0	8	0	0	0	0
96	9	1425	438555	0	29	11	0	0	0	8	0	0	0	0
7	0	7	440106	0	4	3	0	0	0	5	1	0	0	0
0	8	440114	0	1	0	0	0	0	1	9	0	0	0	0
7	0	0	440115	0	1	0	2	0	0	8	0	0	0	0
440116	4	0	2	0	0	0	0	1	1	9	0	0	0	0
440105	3	1	10	0	4	0	0	1	0	9	0	0	0	0
13	0	2	440110	0	1	1	0	0	0	6	0	0	0	0
440124	1	0	4	0	1	0	0	0	0	3	0	0	0	0
2	439821	301	0	7	0	0	0	0	0	2	0	0	0	0
440081	1	1	45	0	3	0	0	0	0	2	0	0	0	0
1	31	440096	2	0	0	0	0	0	0	3	0	0	0	0
0	21	440106	4	1	0	0	0	0	0	1	0	0	0	0
1	440128	0	1	3	0	0	0	0	0	0	0	0	0	0
440118	0	0	12	0	2	0	0	0	0	1	0	0	0	0
440112	0	0	19	0	0	0	0	0	2	0	0	0	0	0
11	439729	372	0	19	0	0	0	2	0	0	0	0	0	0
6	5	440118	3	0	0	0	0	0	0	1	0	0	0	0
0	56	440074	2	0	0	0	0	0	0	1	0	0	0	0
14	439984	120	0	14	0	0	0	0	0	1	0	0	0	0
0	0	440131	0	2	0	0	0	0	0	0	0	0	0	0
45	19	440068	0	1	0	0	0	0	0	0	0	0	0	0
440133	0	0	0	0	0	0	0	0	0	0	0	0	0	0
440118	2	4	7	0	1	0	0	1	0	0	0	0	0	0
6	0	17	440105	0	1	2	2	0	0	0	0	0	0	0
440127	0	1	2	0	1	0	0	1	0	1	0	0	0	0
14	0	10	440105	0	0	0	0	0	0	4	0	0	0	0
0	38	440090	0	2	0	0	0	0	0	3	0	0	0	0
2	0	0	440125	0	1	1	1	0	0	3	0	0	0	0
0	440118	11	0	0	0	0	0	1	0	3	0	0	0	0
0	22	440101	0	6	0	0	0	0	0	4	0	0	0	0
0	0	440130	0	0	0	0	0	0	0	3	0	0	0	0
440132	0	0	0	0	0	0	0	0	0	1	0	0	0	0
0	17	440111	0	3	0	0	0	0	0	2	0	0	0	0
43	0	0	440080	0	9	0	0	0	0	1	0	0	0	0
440113	3	6	4	0	1	0	0	1	0	4	0	0	1	0
440127	1	0	2	0	1	0	0	0	0	2	0	0	0	0
440121	6	0	1	0	1	0	0	0	0	4	0	0	0	0
440058	56	2	9	0	2	0	0	3	0	3	0	0	0	0
0	6	440119	0	0	0	0	0	0	2	6	0	0	0	0
0	1	440129	0	1	0	0	0	0	1	1	0	0	0	0
0	0	440129	0	3	0	0	0	0	0	1	0	0	0	0
0	0	440127	0	4	0	0	0	0	1	1	0	0	0	0
440129	0	0	0	0	0	0	0	0	2	2	0	0	0	0
440124	0	0	6	0	0	0	0	0	2	1	0	0	0	0
0	84	440040	0	8	0	0	0	0	0	1	0	0	0	0
4	440118	1	4	5	0	0	0	0	0	1	0	0	0	0
439982	1	5	140	0	2	0	0	0	0	3	0	0	0	0
81	0	299	439740	0	2	6	1	0	0	4	0	0	0	0
33	439852	241	0	2	0	0	0	1	0	4	0	0	0	0
440125	0	0	7	0	0	0	0	0	0	1	0	0	0	0
13	439986	119	0	12	0	0	0	0	0	3	0	0	0	0
29	0	0	440099	0	2	1	0	0	0	2	0	0	0	0
440018	2	0	103	0	7	0	0	0	1	2	0	0	0	0
440071	25	6	27	0	1	0	0	1	1	1	0	0	0	0
45	1	507	439568	0	1	10	0	0	0	1	0	0	0	0
0	3	440128	0	1	0	0	0	0	0	1	0	0	0	0
1	24	440103	0	3	0	0	0	0	0	2	0	0	0	0
21	438988	1103	0	16	0	0	0	1	0	4	0	0	0	0
0	0	440131	0	0	0	0	0	0	1	1	0	0	0	0
440116	0	0	17	0	0	0	0	0	0	0	0	0	0	0
8	440075	44	0	6	0	0	0	0	0	0	0	0	0	0
0	0	440130	0	1	0	0	0	0	2	0	0	0	0	0
5	8	440065	51	3	0	0	0	0	1	0	0	0	0	0
45	0	8	440070	0	5	0	3	0	0	2	0	0	0	0
0	440089	39	0	3	0	0	0	0	0	2	0	0	0	0
440128	0	0	4	0	0	0	0	0	0	1	0	0	0	0
3	440068	55	0	5	0	0	1	0	0	1	0	0	0	0
0	440131	1	0	1	0	0	0	0	0	0	0	0	0	0
440016	0	55	60	0	0	0	0	0	1	1	0	0	0	0
0	4	440124	2	2	0	0	0	0	0	1	0	0	0	0
0	1	440125	0	5	0	1	0	0	0	1	0	0	0	0
440122	0	0	7	0	1	0	0	0	3	0	0	0	0	0
2	29	440094	6	1	0	0	0	0	0	1	0	0	0	0
0	0	440132	0	0	0	0	0	0	0	1	0	0	0	0
440120	0	0	13	0	0	0	0	0	0	0	0	0	0	0
3	8	440114	8	0	0	0	0	0	0	0	0	0	0	0
0	440093	33	0	6	0	0	0	1	0	0	0	0	0	0
440098	4	5	22	0	0	0	0	0	1	3	0	0	0	0
22	0	28	440074	0	1	1	2	0	0	5	0	0	0	0
1	439919	196	1	14	0	0	0	0	0	2	0	0	0	0
5	34	440088	1	1	0	1	0	0	0	3	0	0	0	0
34	0	3	440090	0	2	1	0	0	0	3	0	0	0	0
4	0	3	440120	0	4	1	0	0	0	1	0	0	0	0
0	10	440118	0	3	0	0	0	0	1	1	0	0	0	0
440003	0	1	122	0	5	0	0	0	0	2	0	0	0	0
0	5	440110	0	2	0	0	0	0	1	15	0	0	0	0
28	4	440098	0	2	0	0	0	0	1	0	0	0	0	0
0	0	440128	1	1	0	2	0	0	0	1	0	0	0	0
6	1	440108	12	1	0	3	0	0	1	1	0	0	0	0
2	1	440127	0	2	0	1	0	0	0	0	0	0	0	0
12	0	164	439948	0	1	6	0	0	0	1	0	0	1	0
30	0	3	440097	0	2	0	0	0	0	1	0	0	0	0
0	9	440118	0	4	0	0	0	0	1	1	0	0	0	0
11	0	0	440119	0	1	1	0	0	0	1	0	0	0	0
24	439976	126	0	4	0	0	0	1	0	2	0	0	0	0
15	18	440094	1	4	0	0	0	0	0	1	0	0	0	0
17	0	5	440106	0	3	1	0	0	0	1	0	0	0	0
440092	1	0	37	0	1	0	0	0	1	1	0	0	0	0
9	439929	179	0	13	0	0	1	1	0	1	0	0	0	0
3	439482	631	0	15	0	0	0	2	0	0	0	0	0	0
0	438551	1523	0	52	0	0	0	2	0	5	0	0	0	0
0	8	440118	0	2	0	0	0	0	0	5	0	0	0	0
440124	0	0	4	0	3	0	0	0	0	2	0	0	0	0
2	34	440089	3	0	0	2	0	0	0	3	0	0	0	0
440114	0	0	12	0	2	0	0	0	1	4	0	0	0	0
2	439543	566	0	22	0	0	0	0	0	0	0	0	0	0
440113	0	2	10	0	2	0	0	1	2	3	0	0	0	0
3	140	439975	8	3	0	0	0	0	0	4	0	0	0	0
0	0	440123	4	3	0	1	0	0	0	2	0	0	0	0
0	440122	2	0	6	0	0	0	0	0	3	0	0	0	0
21	3	440094	2	7	0	0	0	0	1	5	0	0	0	0
0	17	440112	0	2	0	1	0	0	0	1	0	0	0	0
0	1	440127	0	4	0	0	0	0	0	1	0	0	0	0
440101	0	0	29	0	1	0	0	0	1	1	0	0	0	0
440099	2	0	29	0	0	0	0	0	0	3	0	0	0	0
292	0	29	439802	0	1	3	2	0	0	4	0	0	0	0
440105	6	0	4	0	2	0	0	0	1	15	0	0	0	0
19	0	28	440074	0	1	4	0	0	0	7	0	0	0	0
0	2	440073	1	1	0	0	0	0	1	55	0	0	0	0
0	5	440112	1	0	0	0	0	0	0	15	0	0	0	0
0	0	440116	1	1	0	0	0	0	0	15	0	0	0	0
0	0	1	440124	0	2	1	0	0	0	5	0	0	0	0
0	8	440118	0	2	0	0	0	0	2	3	0	0	0	0
0	0	0	440128	0	2	0	1	0	0	2	0	0	0	0
1	4	440124	0	0	0	0	0	0	1	3	0	0	0	0
440119	0	2	6	0	2	0	0	0	2	2	0	0	0	0
7	0	10	440109	0	0	5	0	0	0	2	0	0	0	0
440055	26	0	43	0	4	0	0	0	1	4	0	0	0	0
0	582	439544	0	4	0	1	0	0	0	2	0	0	0	0
440101	0	0	25	0	0	0	0	0	2	5	0	0	0	0
15	439558	528	1	23	0	0	0	3	0	5	0	0	0	0
9	9	440040	3	5	0	0	0	0	0	67	0	0	0	0
8	2	1	440046	0	2	3	3	0	0	68	0	0	0	0
0	4	440035	0	5	0	1	0	0	1	87	0	0	0	0
0	57	439991	1	0	0	1	0	0	0	83	0	0	0	0
0	439426	591	0	16	0	0	0	0	0	100	0	0	0	0
211	0	0	439819	0	0	0	0	0	0	103	0	0	0	0
3	439968	61	0	3	0	0	0	0	0	98	0	0	0	0
439789	0	0	244	0	1	0	0	0	0	99	0	0	0	0
8	439984	51	0	0	0	0	0	5	0	85	0	0	0	0
440020	0	0	2	0	6	0	0	0	0	105	0	0	0	0
440114	2	0	0	0	0	0	0	3	1	13	0	0	0	0
440122	1	0	5	0	0	0	0	1	0	4	0	0	0	0
0	4	440125	0	1	0	0	0	0	0	3	0	0	0	0
36	9	0	440084	0	1	0	0	0	0	3	0	0	0	0
0	25	440101	0	3	0	1	0	0	0	3	0	0	0	0
16	439598	491	0	24	0	0	1	1	0	2	0	0	0	0
0	42	440087	0	2	0	0	0	0	0	2	0	0	0	0
440116	0	0	11	0	0	0	0	1	0	5	0	0	0	0
0	439562	528	0	40	0	0	0	0	0	3	0	0	0	0
1	10	440101	2	3	0	0	0	0	0	16	0	0	0	0
0	0	440108	0	2	0	1	0	0	0	22	0	0	0	0
439771	0	311	7	0	0	0	0	0	4	40	0	0	0	0
22	0	5	440065	0	0	0	0	0	0	41	0	0	0	0
2	440011	75	0	2	0	0	0	0	0	43	0	0	0	0
0	52	440006	2	1	0	0	0	0	0	72	0	0	0	0
29	0	22	440007	0	1	2	0	0	0	72	0	0	0	0
0	3	440021	0	0	0	0	0	0	0	109	0	0	0	0
12	440054	63	0	2	0	0	0	1	0	1	0	0	0	0
0	4	440118	0	5	0	1	0	0	0	5	0	0	0	0
0	12	440120	0	0	0	0	0	0	0	1	0	0	0	0
0	0	440131	0	1	0	0	0	0	0	1	0	0	0	0
23	1	5	440102	0	0	0	0	0	0	2	0	0	0	0
440112	1	0	15	0	1	0	0	0	0	4	0	0	0	0
2	20	440104	0	4	0	0	0	0	1	2	0	0	0	0
440124	0	0	2	0	0	0	0	0	0	7	0	0	0	0
440128	2	0	0	0	0	0	0	0	1	2	0	0	0	0
440129	1	0	1	0	0	0	0	0	0	2	0	0	0	0
440122	1	1	3	0	4	0	0	0	0	2	0	0	0	0
439929	0	0	200	0	1	0	0	0	1	2	0	0	0	0
2	25	440093	10	1	0	0	0	0	0	2	0	0	0	0
2	440047	78	0	5	0	0	0	1	0	0	0	0	0	0
0	5	440119	9	0	0	0	0	0	0	0	0	0	0	0
8	439621	494	0	8	0	0	0	1	0	1	0	0	0	0
0	15	440118	0	0	0	0	0	0	0	0	0	0	0	0
440122	0	1	6	0	2	0	0	1	1	0	0	0	0	0
0	18	440112	0	3	0	0	0	0	0	0	0	0	0	0
5	0	3	440117	0	2	2	2	0	0	2	0	0	0	0
440127	0	0	4	0	0	0	0	0	0	2	0	0	0	0
43	436814	3227	0	43	0	0	0	2	0	4	0	0	0	0
440089	35	0	7	0	1	0	0	0	0	1	0	0	0	0
440121	1	0	9	0	1	0	0	0	0	1	0	0	0	0
440130	0	0	1	0	0	0	0	1	0	1	0	0	0	0
14	440100	16	0	2	0	0	0	0	0	1	0	0	0	0
0	0	440130	0	2	0	0	0	0	0	1	0	0	0	0
25	3	440104	0	0	0	0	0	0	0	1	0	0	0	0
21	0	1	440109	0	1	1	0	0	0	0	0	0	0	0
0	4	440121	2	1	0	0	0	0	0	5	0	0	0	0
0	3	440128	0	1	0	0	0	0	0	1	0	0	0	0
0	10	440113	3	2	0	0	0	0	0	5	0	0	0	0
0	435755	4322	0	51	0	0	0	0	0	5	0	0	0	0
440107	5	1	9	0	4	0	0	1	0	6	0	0	0	0
440116	5	0	9	0	0	0	0	0	0	3	0	0	0	0
11	1	5	440110	0	0	1	1	0	0	4	0	0	0	0
7	440029	83	0	9	0	0	0	1	0	4	0	0	0	0
0	2	440095	10	4	0	0	0	0	0	22	0	0	0	0
0	4	440121	1	4	0	0	0	0	0	3	0	0	0	0
0	2	440124	5	0	0	1	0	0	0	1	0	0	0	0
3	0	440123	6	0	0	0	0	0	0	1	0	0	0	0
4	3	440125	0	0	0	0	0	0	0	1	0	0	0	0
21	0	20	440081	0	4	4	1	0	0	2	0	0	0	0
